; 東方模倣風(r39u1) - stage_2
;---------------------------
; 暫定フォーマットは readme_standard.txt 参照。
0010,3,,,,,,,0128,,,0

;コ島1
0300,0,000,046,2,048,064,000,512,030,8,70
0300,0,000,046,2,320,064,000,512,030,8,70
;
0480,0,006,036,0,090,-30,000,424,030,8,70
0480,0,006,036,0,290,-30,000,424,030,8,70
0510,0,006,036,0,090,-30,000,424,030,8,70
0510,0,006,036,0,290,-30,000,424,030,8,70
0540,0,006,036,0,090,-30,000,424,030,8,70
0540,0,006,036,0,290,-30,000,424,030,8,70
;
0540,0,018,048,0,048,-20,010,358,012,0,70
0540,0,018,048,0,064,-20,010,358,012,0,70
0555,0,018,048,0,300,-20,999,368,012,0,70
0555,0,018,048,0,320,-20,999,368,012,0,70
0570,0,018,048,0,048,-20,030,378,012,0,70
0570,0,018,048,0,064,-20,030,378,012,0,70
0585,0,018,048,0,300,-20,980,388,012,0,70
0585,0,018,048,0,320,-20,980,388,012,0,70
0600,0,018,048,0,048,-20,050,398,012,0,70
0600,0,018,048,0,064,-20,050,398,012,0,70
0615,0,018,048,0,300,-20,960,408,012,0,70
0615,0,018,048,0,320,-20,960,408,012,0,70
0630,0,018,048,0,048,-20,070,418,012,0,70
0630,0,018,048,0,064,-20,070,418,012,0,70
0645,0,018,048,0,300,-20,940,428,012,0,70
0645,0,018,048,0,320,-20,940,428,012,0,70
0670,0,018,048,0,048,-20,090,438,012,0,70
0670,0,018,048,0,064,-20,090,438,012,0,70
0685,0,018,048,0,300,-20,920,448,012,0,70
0685,0,018,048,0,320,-20,920,448,012,0,70
0700,0,018,048,0,048,-20,120,458,012,0,70
0700,0,018,048,0,064,-20,120,458,012,0,70
0715,0,018,048,0,300,-20,900,468,012,0,70
0715,0,018,048,0,320,-20,900,468,012,0,70
;
0660,0,006,061,0,048,3,100,256,030,8,70
0660,0,006,061,0,080,3,084,294,030,8,70
0660,0,006,061,0,112,3,150,345,030,8,70
0660,0,006,061,0,144,3,044,458,030,8,70
0660,0,006,061,0,176,3,008,291,030,8,70

0660,0,006,061,0,208,3,900,444,030,8,70
0660,0,006,061,0,240,3,860,495,030,8,70
0660,0,006,061,0,272,3,950,295,030,8,70
0660,0,006,061,0,304,3,810,368,030,8,70
0660,0,006,061,0,336,3,970,395,030,8,70
;右島＝1L
0600,0,000,046,2,288,000,000,512,030,8,70
0600,0,000,046,2,288,096,000,512,030,8,70
;左島＞1L
0720,0,000,046,2,064,032,000,512,030,8,70
0720,0,000,046,2,128,096,000,512,030,8,70
;
0840,0,007,061,0,320,-30,1024,688,030,8,70
0845,0,007,061,0,320,-30,1024,688,030,8,70
0850,0,007,061,0,320,-30,1024,688,030,8,70
0855,0,007,061,0,320,-30,1024,688,030,8,70
0860,0,007,061,0,320,-30,1024,688,030,8,70
;
0960,0,006,036,0,090,-30,000,424,030,8,50
0960,0,006,036,0,290,-30,000,424,030,8,50
;右島−−
1110,0,000,046,2,192,000,000,512,030,8,50
;階段
1200,0,000,046,2,096,032,000,512,030,8,50
1200,0,000,046,2,160,064,000,512,030,8,50
1200,0,000,046,2,224,096,000,512,030,8,50
1200,0,000,046,2,288,128,000,512,030,8,50
;1200,0,000,046,2,352,160,000,512,030,8,50
;
1260,0,007,061,0,048,-30,1024,688,030,8,50
1265,0,007,061,0,048,-30,1024,688,030,8,70
1270,0,007,061,0,048,-30,1024,688,030,8,50
1275,0,007,061,0,048,-30,1024,688,030,8,50
1280,0,007,061,0,048,-30,1024,688,030,8,50
; #002-陰-陽-玉
1400,0,002,029,0,048,-512,000,512,030,10,70
1400,0,002,029,0,288,-512,000,512,030,10,50
1400,0,002,029,0,147,-512,000,512,030,10,50
1400,0,002,029,0,078,-512,000,512,030,10,50
1400,0,002,029,0,211,-512,000,512,030,10,50
;
1500,0,002,029,1,128,-512,000,512,030,10,50
1500,0,002,029,1,194,-512,000,512,030,10,70
1500,0,002,029,1,064,-512,000,512,030,10,50
1500,0,002,029,1,160,-512,000,512,030,10,50
1500,0,002,029,1,141,-512,000,512,030,10,50
;
1600,0,002,029,2,089,-512,000,512,030,10,50
1600,0,002,029,2,184,-512,000,512,030,10,50
1600,0,002,029,2,075,-512,000,512,030,10,70
1600,0,002,029,2,050,-512,000,512,030,10,50
1600,0,002,029,2,159,-512,000,512,030,10,50
;
1700,0,002,029,3,211,-512,000,512,030,10,50
1700,0,002,029,3,138,-512,000,512,030,10,50
1700,0,002,029,3,094,-512,000,512,030,10,50
1700,0,002,029,3,137,-512,000,512,030,10,70
1700,0,002,029,3,144,-512,000,512,030,10,50
;
1560,0,007,061,0,320,-30,1024,688,030,8,50
1565,0,007,061,0,320,-30,1024,688,030,8,50
1570,0,007,061,0,320,-30,1024,688,030,8,50
1575,0,007,061,0,320,-30,1024,688,030,8,50
1580,0,007,061,0,320,-30,1024,688,030,8,70
;
;直線1
1680,0,000,046,2,048,0,000,512,030,8,70
1680,0,000,046,2,192,0,000,512,030,8,50
1680,0,000,046,2,256,0,000,512,030,8,50
1680,0,000,046,2,320,0,000,512,030,8,50
;
1800,0,009,060,0,048,-16,000,512,110,8,70
1800,0,009,060,0,080,-32,000,512,120,8,70
1800,0,009,060,0,112,-48,000,512,130,8,50
1800,0,009,060,0,144,-32,000,512,140,8,70
1800,0,009,060,0,176,-16,000,512,150,8,70
;
1800,0,009,060,0,208,-16,000,512,150,8,70
1800,0,009,060,0,240,-32,000,512,140,8,50
1800,0,009,060,0,272,-48,000,512,130,8,70
1800,0,009,060,0,304,-32,000,512,120,8,70
1800,0,009,060,0,336,-16,000,512,110,8,50
;
;直線2
1920,0,000,046,2,048,0,000,512,030,8,70
1920,0,000,046,2,208,0,000,512,030,8,70
1920,0,000,046,2,272,0,000,512,030,8,50
1920,0,000,046,2,336,0,000,512,030,8,50
;
1980,0,016,048,0,-32,40,796,0534,070,8,50
1980,0,016,048,0,352,40,227,0980,070,8,50
1980,0,016,048,0,-32,50,796,0450,070,8,70
1980,0,016,048,0,352,50,227,0462,070,8,70
;
1980,0,016,048,0,-32,60,796,0513,070,8,50
1980,0,016,048,0,352,60,227,0702,070,8,70
1980,0,016,048,0,-32,70,796,0986,070,8,70
1980,0,016,048,0,352,70,227,0628,070,8,50
;
1980,0,016,048,0,-32,80,796,0790,070,8,50
1980,0,016,048,0,352,80,227,0895,070,8,50
1980,0,016,048,0,-32,90,796,0170,070,8,50
1980,0,016,048,0,352,90,227,0298,070,8,50
;
2100,0,016,048,0,-32,30,796,0319,080,8,50
2100,0,016,048,0,352,30,227,0139,080,8,50
2100,0,016,048,0,-32,40,796,0301,080,8,50
2100,0,016,048,0,352,40,227,0516,080,8,50
;
2100,0,016,048,0,-32,50,796,0386,080,8,50
2100,0,016,048,0,352,50,227,0615,080,8,70
2100,0,016,048,0,-32,60,796,0196,080,8,50
2100,0,016,048,0,352,60,227,0411,080,8,70
;
2100,0,016,048,0,-32,70,796,0187,080,8,50
2100,0,016,048,0,352,70,227,0237,080,8,70
2100,0,016,048,0,-32,80,796,0335,080,8,50
2100,0,016,048,0,352,80,227,0505,080,8,70
;
2220,0,015,048,0,050,-32,000,000,070,8,70
2220,0,015,048,0,090,-32,000,000,070,8,70
2220,0,015,048,0,130,-32,000,000,070,8,70
2220,0,015,048,0,170,-32,000,000,070,8,50
2220,0,015,048,0,210,-32,000,000,070,8,70
2220,0,015,048,0,250,-32,000,000,070,8,50
2220,0,015,048,0,290,-32,000,000,070,8,70
2220,0,015,048,0,330,-32,000,000,070,8,50
;
;左島＝1R
2100,0,000,046,2,048,000,000,512,030,8,50
2100,0,000,046,2,048,096,000,512,030,8,50
;橋直線
2280,0,000,046,2,160,000,000,512,030,8,50
2280,0,000,046,2,288,000,000,512,030,8,50
;右島＜1R
2400,0,000,046,2,256,032,000,512,030,8,50
2400,0,000,046,2,192,096,000,512,030,8,50
2400,0,000,046,2,256,160,000,512,030,8,50
;
2400,0,017,048,0,010,010,796,384,500,8,70
2410,0,017,048,0,350,010,227,384,500,8,70
2420,0,017,048,0,010,010,796,384,500,8,70
2430,0,017,048,0,350,010,227,384,500,8,70
;
2440,0,017,048,0,010,010,796,384,500,8,50
2450,0,017,048,0,350,010,227,384,500,8,50
2460,0,017,048,0,010,010,796,384,500,8,70
2470,0,017,048,0,350,010,227,384,500,8,70
;
2480,0,017,048,0,010,010,796,384,500,8,50
2490,0,017,048,0,350,010,227,384,500,8,50
;
2520,0,017,048,0,010,010,796,384,500,8,70
2530,0,017,048,0,350,010,227,384,500,8,50
2540,0,017,048,0,010,010,796,384,500,8,70
2550,0,017,048,0,350,010,227,384,500,8,50
;
2560,0,017,048,0,010,010,796,384,500,8,50
2570,0,017,048,0,350,010,227,384,500,8,70
2580,0,017,048,0,010,010,796,384,500,8,50
2590,0,017,048,0,350,010,227,384,500,8,70

; (72==64[差分氏]+8[ルーミア弾])
; (79==64[差分氏]+15[天狗弾])
2600,1,0,000,15,80,50,000,512,1856,15,10000

2650,0,017,048,0,010,010,796,384,500,8,35
2660,0,017,048,0,350,010,227,384,500,8,35
;左島G1
2700,0,000,046,2,064,000,000,512,030,8,35
2700,0,000,046,2,032,032,000,512,030,8,35
;
2700,0,005,044,0,064,-30,000,384,572,8,35
2820,0,005,044,0,300,-30,000,384,588,8,35
;
2880,0,007,061,0,000,-30,1024,688,030,8,35
2885,0,007,061,0,000,-30,1024,688,030,8,35
2890,0,007,061,0,000,-30,1024,688,030,8,35
2895,0,007,061,0,000,-30,1024,688,030,8,35
2900,0,007,061,0,000,-30,1024,688,030,8,35
;
;右島＝1L
3000,0,000,046,2,288,000,000,512,030,8,35
3000,0,000,046,2,288,096,000,512,030,8,35

;右島＝1L(b)
3300,0,000,046,2,288,000,000,512,030,8,35
3300,0,000,046,2,288,096,000,512,030,8,35

;囲-妖-怪1 x座標は1周を1024分割した角度(0-1023)
;[13分割]
3480,0,004,030,0,192,136,000,350,030,8,35
3480,0,004,030,0,192,136,079,350,030,8,35
3480,0,004,030,0,192,136,158,350,030,8,35
3480,0,004,030,0,192,136,236,350,030,8,35
3480,0,004,030,0,192,136,315,350,030,8,35
3480,0,004,030,0,192,136,394,350,030,8,35
3480,0,004,030,0,192,136,473,350,030,8,35
3480,0,004,030,0,192,136,551,350,030,8,35
3480,0,004,030,0,192,136,630,350,030,8,35
3480,0,004,030,0,192,136,709,350,030,8,35
3480,0,004,030,0,192,136,788,350,030,8,35
3480,0,004,030,0,192,136,866,350,030,8,35
3480,0,004,030,0,192,136,945,350,030,8,35
;
; 下移動([1]左 [2]中)
3600,0,011,047,1,320,-88,000,512,060,8,35
3616,0,011,047,1,320,-88,000,512,060,8,35
3632,0,011,047,1,320,-88,000,512,060,8,35
3648,0,011,047,1,320,-88,000,512,060,8,35
3664,0,011,047,1,320,-88,000,512,060,8,35
3680,0,011,047,1,320,-88,000,512,060,8,35
3750,0,011,047,1,320,-176,000,512,060,8,35
3766,0,011,047,1,320,-176,000,512,060,8,35
3782,0,011,047,1,320,-176,000,512,060,8,35
3798,0,011,047,1,320,-176,000,512,060,8,35
3814,0,011,047,1,320,-176,000,512,060,8,35
3830,0,011,047,1,320,-176,000,512,060,8,35

; 横移動([3]左中 [4]右下)
3900,0,011,047,1,0414,64,000,512,060,8,35
3916,0,011,047,1,0414,64,000,512,060,8,35
3932,0,011,047,1,0414,64,000,512,060,8,35
3948,0,011,047,1,0414,64,000,512,060,8,35
3964,0,011,047,1,0414,64,000,512,060,8,35
3980,0,011,047,1,0414,64,000,512,060,8,35
4050,0,011,047,1,-414,96,000,512,060,8,35
4066,0,011,047,1,-414,96,000,512,060,8,35
4082,0,011,047,1,-414,96,000,512,060,8,35
4098,0,011,047,1,-414,96,000,512,060,8,35
4114,0,011,047,1,-414,96,000,512,060,8,35
4130,0,011,047,1,-414,96,000,512,060,8,5

; 下移動([5]右 [6]中)
4200,0,011,047,1,320,-264,000,512,060,8,35
4216,0,011,047,1,320,-264,000,512,060,8,35
4232,0,011,047,1,320,-264,000,512,060,8,35
4248,0,011,047,1,320,-264,000,512,060,8,35
4264,0,011,047,1,320,-264,000,512,060,8,35
4280,0,011,047,1,320,-264,000,512,060,8,35
4350,0,011,047,1,320,-176,000,512,060,8,35
4366,0,011,047,1,320,-176,000,512,060,8,35
4382,0,011,047,1,320,-176,000,512,060,8,35
4398,0,011,047,1,320,-176,000,512,060,8,35
4414,0,011,047,1,320,-176,000,512,060,8,35
4430,0,011,047,1,320,-176,000,512,060,8,35

; 横移動([7]右上 [8]左中)
4500,0,011,047,1,-414,32,000,512,060,8,35
4516,0,011,047,1,-414,32,000,512,060,8,35
4532,0,011,047,1,-414,32,000,512,060,8,35
4548,0,011,047,1,-414,32,000,512,060,8,35
4564,0,011,047,1,-414,32,000,512,060,8,35
4580,0,011,047,1,-414,32,000,512,060,8,35
4650,0,011,047,1,0414,64,000,512,060,8,35
4666,0,011,047,1,0414,64,000,512,060,8,35
4682,0,011,047,1,0414,64,000,512,060,8,35
4698,0,011,047,1,0414,64,000,512,060,8,35
4714,0,011,047,1,0414,64,000,512,060,8,35
4730,0,011,047,1,0414,64,000,512,060,8,35

;左島G2
4080,0,000,046,2,048,032,000,512,030,8,60

;
4380,0,006,061,0,000,3,060,256,030,8,40
4380,0,006,061,0,032,3,040,294,030,8,40
4380,0,006,061,0,064,3,030,345,030,8,40
4380,0,006,061,0,128,3,080,458,030,8,40
4380,0,006,061,0,160,3,010,252,030,8,40
4380,0,006,061,0,192,3,080,294,030,8,40
4380,0,006,061,0,224,3,900,345,030,8,40
4380,0,006,061,0,256,3,950,252,030,8,40
4380,0,006,061,0,288,3,920,292,030,8,40
4380,0,006,061,0,320,3,970,345,030,8,40
4620,0,006,061,0,000,3,020,458,030,8,40
4620,0,006,061,0,032,3,100,212,030,8,40
4620,0,006,061,0,064,3,060,294,030,8,40
4620,0,006,061,0,128,3,030,345,030,8,40
4620,0,006,061,0,160,3,010,458,030,8,40
4620,0,006,061,0,192,3,980,251,030,8,40
4620,0,006,061,0,224,3,800,294,030,8,40
4620,0,006,061,0,256,3,970,345,030,8,40
4620,0,006,061,0,288,3,910,252,030,8,40
4620,0,006,061,0,320,3,900,291,030,8,40
4860,0,006,061,0,000,3,050,345,030,8,40
4860,0,006,061,0,032,3,200,458,030,8,40
4860,0,006,061,0,064,3,070,255,030,8,40
4860,0,006,061,0,128,3,020,294,030,8,40
4860,0,006,061,0,160,3,100,345,030,8,40
4860,0,006,061,0,192,3,960,256,030,8,40
4860,0,006,061,0,224,3,930,294,030,8,40
4860,0,006,061,0,256,3,860,345,030,8,40
4860,0,006,061,0,288,3,940,458,030,8,40
4860,0,006,061,0,320,3,830,256,030,8,40
4980,0,006,061,0,000,3,080,294,030,8,40
4980,0,006,061,0,032,3,010,345,030,8,40
4980,0,006,061,0,064,3,080,458,030,8,40
4980,0,006,061,0,128,3,100,291,030,8,40
4980,0,006,061,0,160,3,050,256,030,8,40
4980,0,006,061,0,192,3,800,294,030,8,40
4980,0,006,061,0,224,3,970,345,030,8,40
4980,0,006,061,0,256,3,920,412,030,8,40
4980,0,006,061,0,288,3,880,291,030,8,40
4980,0,006,061,0,320,3,960,585,030,8,40
;
5040,0,013,036,0,180,-30,000,512,005,8,60
5040,0,013,036,0,180,-30,000,512,005,8,60
5040,0,013,036,0,180,-30,000,512,005,8,60
5040,0,013,036,0,180,-30,000,512,005,8,60
;
5040,0,013,036,0,180,-30,000,512,005,8,60
5040,0,013,036,0,180,-30,000,512,005,8,60
5040,0,013,036,0,180,-30,000,512,010,8,60
5040,0,013,036,0,180,-30,000,512,005,8,60
;
5040,0,013,036,0,180,-30,000,512,005,8,60
5040,0,013,036,0,180,-30,000,512,010,8,60
5040,0,013,036,0,180,-30,000,512,010,8,60
5040,0,013,036,0,180,-30,000,512,005,8,60
;
5040,0,013,036,0,180,-30,000,512,010,8,60
5040,0,013,036,0,180,-30,000,512,005,8,60
5040,0,013,036,0,180,-30,000,512,010,8,60
5040,0,013,036,0,180,-30,000,512,005,8,60
;
5100,0,006,061,0,000,3,070,255,030,8,40
5100,0,006,061,0,032,3,020,294,030,8,40
5100,0,006,061,0,064,3,100,345,030,8,40
5100,0,006,061,0,128,3,960,256,030,8,40
5100,0,006,061,0,160,3,930,294,030,8,40
5100,0,006,061,0,192,3,860,345,030,8,40
5100,0,006,061,0,224,3,940,458,030,8,40
5100,0,006,061,0,256,3,830,256,030,8,40
5100,0,006,061,0,288,3,080,294,030,8,40
5100,0,006,061,0,320,3,010,345,030,8,40
5160,0,006,061,0,000,3,080,458,030,8,40
5160,0,006,061,0,032,3,100,291,030,8,40
5160,0,006,061,0,064,3,050,256,030,8,40
5160,0,006,061,0,128,3,800,294,030,8,40
5160,0,006,061,0,160,3,950,252,030,8,40
5160,0,006,061,0,192,3,920,292,030,8,40
5160,0,006,061,0,224,3,970,345,030,8,40
5160,0,006,061,0,256,3,020,458,030,8,40
5160,0,006,061,0,288,3,100,212,030,8,40
5160,0,006,061,0,320,3,060,294,030,8,40
;
5220,0,013,036,0,180,-30,000,512,005,8,60
5220,0,013,036,0,180,-30,000,512,005,8,60
5220,0,013,036,0,180,-30,000,512,005,8,60
5220,0,013,036,0,180,-30,000,512,005,8,60
;
5220,0,013,036,0,180,-30,000,512,005,8,60
5220,0,013,036,0,180,-30,000,512,005,8,60
5220,0,013,036,0,180,-30,000,512,010,8,60
5220,0,013,036,0,180,-30,000,512,010,8,60
;
5220,0,013,036,0,180,-30,000,512,010,8,60
5220,0,013,036,0,180,-30,000,512,005,8,60
5220,0,013,036,0,180,-30,000,512,010,8,60
5220,0,013,036,0,180,-30,000,512,005,8,60
;
5220,0,013,036,0,180,-30,000,512,005,8,60
5220,0,013,036,0,180,-30,000,512,010,8,60
5220,0,013,036,0,180,-30,000,512,010,8,60
5220,0,013,036,0,180,-30,000,512,010,8,60
;竜-巻1
5040,0,003,062,0,030,-24,-10,300,320,8,120
5050,0,003,062,0,300,-24,010,300,320,8,120
5060,0,003,062,0,030,-24,-10,300,320,8,120
5070,0,003,062,0,300,-24,010,300,320,8,120
5080,0,003,062,0,030,-24,-10,300,320,8,120
5090,0,003,062,0,300,-24,010,300,320,8,120
5110,0,003,062,0,030,-24,-10,300,320,8,120
5120,0,003,062,0,300,-24,010,300,320,8,120
5130,0,003,062,0,030,-24,-10,300,320,8,120
5150,0,003,062,0,300,-24,010,300,320,8,120
5160,0,003,062,0,030,-24,-10,300,320,8,120
5180,0,003,062,0,300,-24,010,300,320,8,120
5200,0,003,062,0,030,-24,-10,300,320,8,120
5210,0,003,062,0,300,-24,010,300,320,8,120
5230,0,003,062,0,030,-24,-10,300,320,8,120
5250,0,003,062,0,300,-24,010,300,320,8,120
5270,0,003,062,0,030,-24,-10,300,320,8,120
5280,0,003,062,0,300,-24,010,300,320,8,120
5310,0,003,062,0,030,-24,-10,300,320,8,120
5340,0,003,062,0,300,-24,010,300,320,8,120
5350,0,003,062,0,030,-24,-10,300,320,8,120
5370,0,003,062,0,300,-24,010,300,320,8,120
5380,0,003,062,0,030,-24,-10,300,320,8,120
5390,0,003,062,0,300,-24,010,300,320,8,120
5430,0,003,062,0,030,-24,-10,300,320,8,120
5450,0,003,062,0,300,-24,010,300,320,8,120
5460,0,003,062,0,030,-24,-10,300,320,8,120
5470,0,003,062,0,300,-24,010,300,320,8,120
5480,0,003,062,0,030,-24,-10,300,320,8,120
5490,0,003,062,0,300,-24,010,300,320,8,120
5510,0,003,062,0,030,-24,-10,300,320,8,120
5520,0,003,062,0,300,-24,010,300,320,8,120
5530,0,003,062,0,030,-24,-10,300,320,8,120
5540,0,003,062,0,300,-24,010,300,320,8,120
5560,0,003,062,0,030,-24,-10,300,320,8,120
5570,0,003,062,0,300,-24,010,300,320,8,120
5610,0,003,062,0,030,-24,-10,300,320,8,120
5620,0,003,062,0,300,-24,010,300,320,8,120
5640,0,003,062,0,030,-24,-10,300,320,8,120
5650,0,003,062,0,300,-24,010,300,320,8,120
5680,0,003,062,0,030,-24,-10,300,320,8,120
5690,0,003,062,0,300,-24,010,300,320,8,120

; ボス 2 - 魅魔 - 
6000,3,,,,,,,0000,,,0
6000,2,2,,,192,-100,000,032,,,50000

; 2面の雑魚は基本的に 350ptsか 500ptsか 600ptsか 700ptsしか出てこない。
